2.95652
1.20758
1.10945
1.06612
1.04694
1.03387
1.02966
1.03081
1.02568
1.02855
1.02224
1.02452
1.02788
1.02668
1.02376
1.02836
1.02776
1.02933
1.02991
1.02192
1.02728
1.02694
1.02732
1.02381
1.03041
1.02046
1.02648
1.02374
1.0241
1.02474
1.01759
1.02475
1.02854
1.0262
1.02146
1.02778
1.02485
1.02964
1.0285
1.02434
1.02655
1.02813
1.02519
1.02594
1.02413
1.03065
1.02562
1.02288
1.02956
1.02385
1.0212
1.02639
1.02784
1.02722
1.02505
1.02553
1.01923
1.02732
1.0272
1.02403
1.02896
1.02424
1.02467
1.02723
1.02592
1.02522
1.02475
1.02613
1.02921
1.02508
1.02995
1.0248
1.03252
1.02072
1.02268
1.02915
1.0245
1.02853
1.02905
1.02547
1.02342
1.0274
1.02319
1.02076
1.021
1.02516
1.0277
1.02867
1.02227
1.02137
1.02615
1.02733
1.02078
1.02243
1.02079
1.02415
1.02537
1.02931
1.02733
1.02857
1.02271
1.02888
1.02016
1.02635
1.03224
1.03381
1.02462
1.0274
1.02408
1.02358
1.02671
1.02192
1.02559
1.02577
1.02739
1.02354
1.03074
1.02766
1.02598
1.03197
